8.40112649181e+106
9.64577566669e+106
5.1004262269e+106
4.80626145217e+106
5.63159962021e+106
4.47603847166e+106
6.33350558024e+106
5.24597667891e+106
5.96338872028e+106
4.11837802514e+106
1.33450402347e+107
9.20603750826e+106
4.59892355243e+106
5.73730250789e+106
8.84917005896e+106
1.20315445949e+107
1.07390458451e+107
3.98987305783e+106
3.32409121874e+106
1.4884608661e+106
4.31718169348e+106
6.08869692477e+106
8.60888264392e+106
1.15967667691e+107
1.04402719144e+107
6.93963682453e+106
6.89598800237e+106
1.87107143631e+106
6.9297506552e+106
4.95775320225e+106
2.04143914295e+106
4.58768595171e+106
5.69489759658e+106
5.59193726429e+106
1.85016953149e+106
6.61521630528e+106
1.11436246736e+107
1.05129235258e+107
7.61939294569e+106
3.50623920783e+106
5.17802089552e+106
6.27054459421e+106
1.25206579235e+107
1.29612199164e+107
6.58123785248e+106
9.13265194219e+106
4.79737474949e+106
5.18624347211e+106
2.39209851449e+106
5.23405927182e+106
7.40450208963e+106
1.10089560315e+107
7.14215972103e+106
1.13810328207e+107
2.48169627295e+106
5.38746800056e+106
5.84184302694e+106
1.80055205499e+106
4.12072284543e+106
5.01510556953e+106
1.26960097135e+107
3.83412846174e+106
5.15386272619e+106
6.98669447809e+106
5.35706074507e+106
1.53835012789e+106
2.9639885156e+106
1.02839225256e+107
9.78585228253e+106
4.08164206252e+106
1.21376712761e+107
7.06489367619e+106
2.42809049349e+106
1.12237150598e+107
4.95445345138e+106
4.597957708e+106
6.07835835633e+106
5.86076524016e+106
4.85928016611e+106
1.13097221348e+107
1.10173522644e+107
7.53541720422e+106
8.45738231742e+106
1.01500005918e+107
3.85047276122e+106
9.29362447216e+106
5.29399238271e+106
9.62741633842e+106
4.5073164598e+106
8.78108327307e+106
9.24484884851e+106
7.23844927067e+106
8.83030981632e+106
6.92490741629e+106
4.13482349236e+106
8.9168032124e+106
1.45605786572e+106
2.94686512078e+106
2.93669603736e+106
1.01285815082e+107
1.2425422284e+107
3.23103883571e+106
7.96665289453e+106
6.98475398633e+106
8.51810129077e+106
2.09096920963e+106
4.43310402428e+106
1.60925935896e+106
8.67970476249e+106
3.4421110202e+106
2.41914915066e+106
1.3203562607e+107
5.31734574309e+106
1.08824827321e+107
3.59842784798e+106
7.15468621274e+106
3.65621714989e+106
1.18407211575e+107
2.46813732546e+106
9.20113929134e+106
9.76637502779e+106
5.34310663296e+106
9.07575758134e+106
1.23301460128e+106
6.31653339117e+106
5.41495135637e+106
6.70688320153e+106
1.06887891968e+107
5.51250319713e+106
5.14865864079e+106
9.23903582401e+106
8.31989539414e+106
9.43786915092e+106
9.28065817297e+106
1.09763185942e+107
6.79403542944e+106
7.94284459412e+106
8.05268168619e+106
8.78660488962e+106
7.13101122257e+106
1.22642526514e+107
1.29127208408e+107
3.65132479563e+106
5.90470888301e+106
4.83722001081e+106
1.00288082128e+107
9.36937809492e+106
2.50540776533e+106
7.09584407005e+106
7.62281252802e+106
4.13643649774e+106
7.12678252547e+106
5.15811306113e+106
2.91862388178e+106
8.51025312421e+106
6.08253028011e+106
4.59418475055e+106
1.17271100599e+106
4.91694394611e+106
4.65493833851e+106
7.1410842207e+106
6.13268264009e+106
8.52829132692e+106
1.14019377744e+107
4.00938932369e+106
3.12626829593e+106
9.79883829917e+106
6.54393801258e+106
1.27489827728e+107
7.33404771905e+106
6.85398678153e+106
7.91096913473e+106
7.32889526121e+106
5.35816601143e+106
1.42173000414e+107
1.07933982659e+107
1.04548780904e+107
4.18017019077e+106
6.284147933e+106
8.57348071752e+106
7.56102225808e+106
8.2298068376e+106
7.44608361865e+106
1.02765332175e+107
4.82204860366e+106
9.57253718348e+106
8.69732982244e+106
7.45242984239e+106
1.15747672768e+107
3.41317915775e+106
1.89216664569e+106
6.25406962102e+106
3.31863082715e+106
3.13494912833e+106
8.71727548584e+106
7.49155876762e+106
3.87611899394e+106
8.6002299639e+106
8.99264752023e+106
6.46589219309e+106
8.96818744153e+106
2.94342979685e+106
1.07801291335e+107
1.20586367255e+107
5.31101088717e+106
5.33306693384e+106
1.30965396117e+107
1.10728950373e+107
3.7997712167e+106
9.50982221894e+106
8.77580437372e+106
6.65568173066e+106
6.40381190718e+106
5.42829675064e+106
9.25811773932e+106
1.0951383999e+107
1.40357407991e+106
1.05589925228e+107
5.80435286802e+106
6.78244185701e+106
5.81423584304e+106
6.03949245121e+106
7.07508109511e+106
4.9458080657e+106
2.24046117508e+106
9.45841213817e+106
8.70973183524e+106
3.89979197571e+106
8.6488858246e+106
4.57494607219e+106
3.0960681937e+106
1.7158634054e+106
4.03560143111e+106
8.00996256114e+106
6.69306457216e+106
8.93964532369e+106
4.65318870628e+106
5.51049994959e+106
4.53637301162e+106
1.1493900103e+107
4.25329298536e+106
1.11680730993e+107
3.36729977115e+106
1.0171822403e+107
3.91899996516e+106
1.10984547298e+107
6.58496873252e+106
1.27227494138e+107
5.70338234767e+106
7.88092780172e+106
9.84718994379e+106
4.47287312044e+106
9.92508464253e+106
2.83927031546e+106
5.7096966443e+106
1.97818878293e+106
7.83981308222e+105
7.55396506583e+106
7.87840099937e+106
3.12793213726e+106
6.23825679932e+106
8.43715537362e+106
9.3537807031e+106
9.48578625946e+106
7.26739828361e+106
7.92828124225e+106
8.24530989302e+106
1.02236799774e+107
9.71130162466e+106
1.86716734646e+106
2.59353511648e+106
1.18893912962e+107
5.89481333577e+106
3.85360089136e+106
2.99073612603e+106
5.85084151235e+106
3.41854977762e+106
1.31331019114e+107
7.37205855194e+106
8.67934066654e+106
5.20254394781e+106
1.11450619552e+107
2.78353693586e+106
8.61285329431e+106
8.33363432464e+106
3.84081833445e+106
4.24862675899e+106
1.18065117058e+107
1.28933804716e+107
1.11570116175e+107
1.15779155357e+107
4.93819614828e+106
1.05615940655e+107
4.63944159639e+106
6.12304884058e+106
1.04691103506e+107
6.06330071668e+106
7.77956017224e+106
7.28175095001e+106
7.4505034872e+106
8.89524627518e+106
3.67024854758e+106
1.10004273762e+107
1.26357630649e+107
2.39268873339e+106
7.09545662226e+106
3.19522235443e+106
6.05066166989e+106
2.04925802705e+106
1.39212183749e+107
9.48812778583e+106
3.50874448141e+106
1.96309941086e+106
7.87533953303e+106
8.63040800267e+106
7.75468414564e+106
5.66133179966e+106
4.18138276177e+106
5.04066395942e+106
5.67436723089e+106
3.38559224089e+106
7.75748449443e+106
4.9509790225e+106
6.14800141789e+106
1.69380008844e+106
4.0411916387e+106
5.27949416018e+106
2.40784111325e+106
1.10960477387e+107
7.6544441891e+106
7.39898054908e+106
2.38436243647e+106
5.48379454926e+106
1.85643106597e+106
6.61769440187e+106
4.18612055048e+106
5.27191757423e+106
6.99032627645e+106
9.22423103251e+106
4.81452309981e+106
5.6553571876e+106
1.02312539253e+107
9.46957300501e+106
5.55729396458e+106
3.65062119513e+106
9.73730153028e+106
3.31928966027e+106
2.61263824872e+106
7.30713701238e+106
4.93676430653e+105
3.6839857832e+106
4.57525638023e+106
7.8744005589e+106
6.62553835725e+106
3.39898812972e+106
4.2606200273e+106
1.11214110948e+107
6.32763097514e+106
8.24908357367e+106
9.87355384288e+106
6.16606612972e+106
1.27710444542e+107
5.67383057941e+106
1.23272366025e+106
6.56072424746e+106
4.48863713189e+106
5.12391641361e+106
1.08011559599e+107
3.84235341435e+106
1.16296229662e+107
1.13759085794e+107
7.63121193779e+106
9.22243716729e+106
5.83969501427e+106
8.11907843539e+106
1.08330174623e+107
7.27982413979e+106
7.29349038219e+106
8.5100276309e+106
1.62110547402e+106
4.27908956638e+106
2.27926232411e+106
1.21409441558e+107
9.43238475767e+106
4.54839173315e+106
7.90472809892e+106
4.43915275282e+106
9.72375289624e+106
3.56405616301e+106
3.89481333609e+106
7.11508212986e+106
1.05078523321e+107
1.2783723845e+107
3.2807055257e+106
5.42493646874e+106
9.8427106375e+106
8.2440952144e+106
2.03229204554e+106
5.07226938756e+106
2.26382138086e+106
5.12767364417e+106
8.54928743451e+106
3.71025880127e+106
8.40341905552e+106
7.53553369829e+106
7.85793908926e+106
6.83930996607e+106
7.83925166943e+106
5.53091073545e+106
9.54564508366e+106
8.00263593621e+106
7.86503514281e+106
3.46852350732e+106
9.28593561064e+106
7.18314576842e+106
1.20133439326e+107
1.05303706534e+107
4.64297836436e+106
8.68275057676e+106
1.21418311664e+107
9.75448382774e+106
4.68651717725e+106
6.84228196461e+106
7.31001227762e+106
9.30195366681e+106
5.55107798368e+106
8.36266453592e+106
6.7914458799e+106
4.34354138554e+106
6.06214723765e+106
8.96118377055e+106
4.93625046055e+106
2.54175123474e+106
5.53075920643e+106
3.18368033789e+106
4.44472579756e+106
8.39838785882e+106
7.72471688352e+106
9.97517407502e+106
4.07485958349e+106
5.47730154814e+106
6.80067281216e+106
6.46186935963e+106
4.96754900707e+106
3.84227525649e+106
4.99405669361e+106
6.71707327964e+106
9.25192554237e+106
3.38506423348e+106
5.90864573292e+106
1.41081218224e+106
6.89781995537e+106
9.07008120997e+106
6.50129294445e+106
1.42685985863e+107
2.4020707924e+106
3.68629777628e+106
3.24357605554e+106
6.53316239197e+106
1.89282416182e+106
7.53460675559e+106
9.80217670952e+106
5.95916430701e+106
1.25575439175e+107
1.52659337373e+107
4.62421010123e+106
7.90835872525e+106
4.63494790768e+106
7.96556216312e+106
1.07695687212e+107
4.3716391771e+106
9.68633543152e+106
6.76258741185e+106
1.17321813066e+107
4.60680267192e+106
6.98371829058e+106
8.46363863704e+106
1.09663499987e+107
5.10015522632e+106
8.31830009193e+106
3.36982769384e+106
1.04305802232e+107
1.29395653526e+107
5.14487352755e+106
3.17417482731e+106
5.16005619558e+106
7.12248074093e+106
1.4170747649e+107
5.69183242289e+106
8.47162580176e+106
7.73821046931e+106
1.25841525989e+106
1.12951762128e+107
7.04516492626e+106
5.69485072902e+106
7.13198264553e+106
1.36435585691e+107
4.02644324248e+106
5.99109315975e+106
5.67860898493e+106
8.30364081469e+106
5.86971272026e+106
8.36145551981e+106
7.05759006704e+106
6.17990223682e+106
6.17066413983e+106
3.87561886902e+106
5.05496894502e+106
9.7135773182e+106
1.37761063005e+106
4.86168829195e+106
5.60433619916e+106
9.79704378732e+106
1.95372816368e+106
8.0104909329e+106
6.08396260948e+106
6.37803703278e+106
5.75848517518e+106
6.58084070659e+106
1.26923999627e+107
3.9960750631e+106
3.92772471865e+106
6.40924071663e+106
7.55072020836e+106
8.24250148713e+106
1.04540763131e+107
7.21875391962e+106
6.52226776952e+106
8.98510312822e+106
1.21777398463e+107
9.30882087387e+106
8.35126029719e+106
9.30623825247e+106
3.09139285745e+106
4.72082412703e+106
6.75829719659e+106
6.43144251999e+106
3.49816394117e+106
6.099306484e+106
1.08239080416e+107
8.9751657407e+106
7.12013612475e+106
6.40394870931e+106
1.54820350311e+106
7.23629420202e+106
7.08033324692e+106
9.67716206901e+106
6.27100111075e+106
4.58650702271e+106
7.21163275829e+106
2.39134230826e+106
8.68824838374e+106
4.26006159714e+106
8.71875100031e+106
3.43373130323e+106
5.80335176283e+106
5.74647595691e+106
5.35678519996e+106
6.38292765007e+106
5.44357372794e+106
1.14037228593e+107
6.25609509549e+106
8.89655387883e+106
9.98780279903e+106
5.02222230901e+106
1.18617768958e+107
1.11267802484e+107
8.00376829006e+106
1.05106788824e+107
6.55940948029e+106
5.31670578933e+106
7.5862496036e+106
7.39323770425e+106
8.80315160409e+106
9.06151849632e+106
1.11440103933e+107
4.60095147901e+106
5.64526320189e+106
5.10835825052e+106
6.86804366191e+106
1.08579189381e+107
8.73060412531e+106
2.73128434139e+106
8.41252214742e+106
3.12474593399e+106
1.03657557146e+107
2.30141495525e+106
5.72605106237e+106
3.60037082277e+106
1.30624966596e+107
5.50589342975e+106
6.69663829192e+106
1.3724927683e+107
4.80535717541e+106
1.35163996625e+107
8.56572432878e+106
5.09229484717e+106
6.07105203863e+106
2.71381947647e+106
1.06714832144e+107
2.12667338287e+106
8.53251405322e+106
8.22249463952e+106
4.70041524655e+106
5.98737102357e+106
1.15826691594e+107
9.63321335442e+106
2.02961917726e+106
3.06082713303e+106
4.26024204062e+106
4.60657591889e+106
8.73338401851e+106
6.91225838356e+106
2.30182362226e+106
1.00509723173e+107
4.12123414585e+106
1.57773996567e+106
7.5925780349e+106
7.43191917072e+106
7.00538432895e+106
4.32702389573e+106
4.09570441999e+106
1.93175851919e+106
1.28278292023e+107
1.05097715961e+107
6.48307482403e+106
5.56946187817e+106
6.17319316633e+106
4.0984795639e+106
1.18389876682e+107
6.84204917827e+106
6.75672291873e+106
3.74754261023e+106
4.72533994311e+106
5.92054027453e+106
2.94503786687e+106
7.2533674857e+106
7.67397598349e+106
2.23937477003e+106
4.29125560989e+106
1.05534277593e+107
9.41505252744e+106
2.88779504174e+106
1.19977301415e+107
4.61145144344e+106
6.6553638249e+106
8.25969866551e+106
6.1976995287e+106
7.50470739806e+106
3.40847033305e+106
2.86231466134e+106
5.90104691094e+106
5.67035512424e+106
1.10269220538e+107
1.01468970027e+107
8.59836819194e+106
5.93709446758e+106
9.66586150038e+106
4.76807170215e+106
9.80269260514e+106
1.06920202294e+107
4.53196082267e+106
7.05405166001e+106
8.7632840307e+106
5.77475516824e+106
1.13364845962e+107
5.61458711693e+106
5.32834022585e+106
1.21834118937e+107
5.71303616917e+106
9.82378993791e+106
7.69496638552e+106
5.71056623682e+106
6.46103757252e+106
2.36252171709e+106
6.58886780093e+106
5.13438089337e+106
8.83065739775e+106
9.18524756194e+106
1.92832819728e+106
5.93892138191e+106
9.20367690572e+106
4.91149449972e+106
6.48316021923e+106
5.40399200921e+106
1.29263872488e+107
5.69785227127e+106
1.133317512e+107
5.4377354765e+106
6.11385808157e+106
8.87511460634e+106
8.66619434656e+106
6.88497201481e+106
6.47674622766e+106
1.00786104443e+107
8.47699465519e+106
4.75331352615e+106
7.49729466467e+106
9.51611304867e+106
6.68659457784e+106
8.17324558979e+106
4.92145813217e+106
7.64481883776e+106
1.537727971e+106
1.89572132059e+106
7.17020030206e+106
5.88679266032e+106
6.77887961694e+106
8.97393055324e+106
2.9220153253e+106
1.01389847045e+107
8.27840470761e+106
8.71428114799e+106
3.09160265292e+106
7.84255587027e+106
5.86633902552e+106
2.92848997778e+106
5.0095970752e+106
3.56186267101e+106
1.35580942038e+106
8.01308006343e+106
6.43816010152e+106
5.75013171872e+106
1.22737793152e+107
7.11493393226e+106
8.61404095296e+106
3.3124462805e+106
7.43185075864e+106
5.6339708092e+106
6.61063079642e+106
8.24899402514e+106
4.43842586236e+106
3.67134525574e+106
5.64595302927e+106
1.14671834483e+107
4.38841499649e+106
6.55695033038e+106
1.2996463135e+106
3.95367303634e+106
9.44495788519e+106
9.31896697941e+106
6.8514095775e+106
8.55182687233e+106
1.08684158762e+107
1.0233891824e+107
8.58655457182e+106
4.19930910313e+106
3.39072139493e+106
7.12727677714e+106
3.93139243786e+106
7.78562998908e+105
9.66369137886e+106
1.09862991098e+107
1.46617545311e+106
7.40245911085e+106
4.068536602e+106
7.52704159066e+106
1.23909776794e+107
2.79074095567e+106
1.01607858508e+107
1.00906415963e+107
3.05476878456e+106
5.85593705266e+106
6.89768531332e+106
2.96482149284e+106
7.24263932531e+106
4.2043953519e+106
1.90645741722e+106
7.26104247395e+106
8.29734597326e+106
2.51358307556e+106
3.82454541326e+106
5.00386237631e+106
4.96414555606e+106
5.30969060331e+106
9.4819577513e+106
6.12341631712e+106
1.35558386078e+107
8.6196451023e+106
2.00988880283e+106
7.22734802332e+106
8.05281108354e+106
6.92600350155e+106
7.93564912384e+106
6.34761810398e+106
2.72294902582e+106
8.65298196201e+106
3.9443482895e+106
5.5000707284e+106
9.66729343879e+106
6.95830644565e+106
4.589361458e+106
6.8643917023e+106
5.09133671267e+106
6.21129106157e+106
1.26375047575e+107
7.71511682121e+106
2.776358021e+106
8.5048176723e+106
5.9924747181e+106
5.81923505503e+106
8.19242972547e+106
6.65994722334e+106
6.41273831982e+106
9.12885257187e+106
8.51258258962e+106
2.1066463008e+106
2.4575069986e+106
9.48423385891e+106
3.02540859174e+106
3.63521887405e+106
1.0744981923e+107
7.0553554057e+106
6.26016370311e+106
1.73976660847e+106
7.58621012178e+106
6.37820308298e+106
2.55384980614e+106
4.42536457171e+106
5.75783929984e+106
4.63999694894e+106
4.6450764155e+106
1.27497733538e+107
3.55579238855e+106
1.00524807949e+107
6.0504931619e+106
6.02181246042e+106
7.42698402358e+106
4.62463381595e+106
9.91397261172e+106
1.00954997828e+107
1.04927853754e+106
8.09678640568e+106
6.81925225725e+106
7.10681347478e+106
2.55592886044e+106
9.43371595915e+106
1.04392276371e+107
1.20925492193e+107
8.29403063121e+106
3.1548784953e+106
3.82897783551e+106
6.74934281341e+106
6.14391871714e+106
7.94287053039e+106
9.01612696604e+106
7.86760742314e+106
2.91025343603e+106
6.41346254558e+106
5.62553934497e+106
3.78178871782e+106
5.36781291229e+106
9.45333230241e+106
1.06392096984e+107
1.06728527115e+107
5.31784623704e+106
6.12210549243e+106
4.23521538921e+106
7.56532765748e+106
1.0014843561e+107
7.56023308571e+106
6.78149770973e+106
6.52975444048e+106
8.27371796392e+106
4.0896704659e+106
1.04265476784e+107
8.70445527332e+106
3.40321280108e+106
4.49392520242e+106
1.23212514308e+107
1.02832054262e+107
8.80786625135e+106
8.17066483864e+106
8.30231771249e+106
3.81282090427e+106
1.63682830857e+106
1.29402428913e+107
4.27365943171e+106
8.30053305546e+106
5.76527889199e+106
9.00721848841e+105
7.13711370981e+106
9.99275715673e+106
1.11924187098e+107
3.55005366806e+106
3.57666225368e+106
9.82412393761e+106
9.08416630013e+106
1.1454346093e+107
1.20823485404e+107
5.12119722189e+106
2.49141020819e+106
8.29546406097e+106
3.22695137772e+106
5.62427924437e+106
3.82139574676e+106
1.26978876256e+107
7.47415527477e+106
8.18370667475e+106
1.26301427994e+107
2.79837815658e+106
1.18541026587e+107
1.24522679774e+107
1.04970161782e+107
4.22417927425e+106
3.97405396281e+106
1.07929110562e+107
8.93140670605e+106
1.03699407267e+107
9.80648140295e+106
5.63173570205e+106
3.09079976292e+106
4.1843600979e+106
1.52330543178e+106
6.60550616362e+106
4.57186283464e+106
1.09365254648e+107
1.40340744883e+107
2.83358522205e+106
5.73224834398e+106
6.93773489745e+106
5.49107723655e+106
3.58128448971e+106
5.61762154549e+106
1.17208992926e+107
1.17402641279e+107
2.16787340609e+106
6.97029984989e+106
7.51215554944e+106
2.91663427265e+106
5.63329578692e+106
1.19018761725e+107
2.82819106029e+106
7.98614666805e+106
6.74551681445e+106
5.47597116824e+106
1.15710814112e+107
3.11810180661e+106
3.48442067832e+106
7.95823808522e+106
5.38329415239e+106
2.91839727044e+106
6.0838375875e+106
4.57974334982e+106
9.20827234793e+106
6.92369366149e+106
5.47206578601e+106
6.21141898636e+106
2.98546883125e+106
4.95914307785e+106
3.31746074962e+106
1.47386269471e+106
5.28139108889e+106
8.09822204301e+106
1.02653620705e+107
1.08141499267e+107
1.82921029541e+106
6.06184309981e+106
6.56197294174e+106
1.36179318693e+107
8.0579424228e+106
4.04191178356e+106
5.97036162442e+106
9.45673614487e+106
1.15357827809e+107
9.36062201926e+106
4.37262440678e+106
2.69576020825e+106
3.89360148146e+106
4.22193951432e+106
3.16455154982e+106
8.89284964085e+106
3.13989009807e+106
5.56660770386e+106
7.08355958184e+106
9.02383751003e+106
3.48542388537e+106
7.20329427358e+106
3.49780968082e+106
5.68080054014e+106
8.86187197699e+106
2.76602105806e+106
4.86326284348e+106
4.2853369916e+106
3.88710012197e+106
4.01207421159e+106
5.6141996366e+106
8.11421280979e+106
4.47764160208e+106
2.74380556462e+106
9.50506916584e+106
3.18845960546e+106
4.74381370292e+106
7.11018989443e+106
8.0592713791e+106
6.05731353181e+106
1.23528127097e+107
1.18594472255e+107
3.39181561566e+106
4.03024090471e+106
