-564378
-565035
-564760
-565429
-565589
-565938
-566756
-566655
-566391
-565779
-566187
-565628
-566255
-566099
-566361
-566129
-565533
-565747
-565136
-565047
-565233
-565364
-565759
-565901
-565982
-566753
-566064
-566460
-565989
-565505
-564669
-565392
-564702
-564348
-564674
-564963
-565657
-565164
-565314
-565325
-566059
-565181
-565688
-565004
-564783
-564220
-564297
-564347
-564530
-563906
-564918
-564692
-564545
-564125
-564516
-564960
-564752
-564503
-563726
-564225
-564787
-564173
-564254
-564712
-564240
-565114
-564499
-565205
-565308
-564510
-564812
-564664
-564029
-564125
-564386
-564209
-564596
-564193
-564153
-563802
-564060
-564712
-564813
-564073
-564385
-564276
-564225
-564629
-564601
-564766
-564735
-564521
-564961
-565071
-564225
-564716
-565009
-565635
-565300
-565535
-564528
-564666
-565122
-565923
-565453
-565248
-564731
-564703
-564001
-563512
-563329
-563381
-563887
-563761
-563416
-563880
-563986
-563896
-563438
-563913
-563779
-563956
-564360
-564464
-564122
-564357
-564053
-564503
-564080
-564562
-564369
-563745
-564164
-564889
-565837
-565053
-564876
-565326
-565108
-565903
-565979
-565561
-565490
-565105
-565221
-564320
-564684
-564135
-563706
-564131
-564502
-564669
-564448
-564305
-564907
-564162
-563872
-564539
-564447
-564827
-564924
-563728
-564334
-565259
-564143
-564033
-564192
-564106
-563530
-563555
-563526
-563916
-564158
-564006
-563749
-564161
-564239
-564349
-564412
-564398
-565144
-564923
-564284
-564434
-564217
-564763
-564464
-564334
-564403
-564899
-564641
-564663
-564663
-565008
-565377
-565813
-565231
-564815
-564747
-565069
-565646
-565513
-564741
-564698
-564504
-564622
-564866
-564647
-565177
-564325
-565155
-565420
-565430
-564609
-564810
-564866
-565104
-564528
-564083
-564288
-564021
-564066
-564357
-564180
-564323
-563328
-564718
-564147
-564252
-564531
-564175
-564571
-563447
-563917
-564322
-564938
-564715
-564494
-564904
-564801
-564981
-564244
-563827
-564844
-564493
-564544
-564087
-564582
-564935
-564490
-564547
-564921
-564457
-564450
-564921
-564792
-564198
-564014
-564414
-564616
-564791
-564757
-564485
-564559
-564579
-565368
-564927
-564903
-564896
-565046
-565057
-564805
-564916
-563905
-564374
-564825
-565676
-565605
-565543
-564991
-564661
-564239
-563728
-564164
-564528
-564182
-564370
-564721
-564386
-564101
-564206
-564299
-564535
-565648
-565314
-565129
-565078
-565152
-565095
-564865
-564295
-563890
-564033
-564145
-563804
-564556
-564273
-564645
-564936
-564044
-564604
-564684
-564185
-563449
-563761
-563778
-563170
-563644
-563532
-563934
-563654
-563723
-563797
-564429
-563932
-564394
-563465
-564024
-564394
-564351
-564050
-564115
-563956
-564770
-565389
-564786
-564567
-564316
-564894
-565021
-565185
-565457
-564653
-565530
-565209
-564882
-564626
-565387
-565471
-564609
-564256
-563929
-564741
-564530
-564966
-564223
-563796
-563785
-564258
-564445
-564148
-564305
-563955
-564169
-563903
-564322
-564440
-564478
-564787
-564549
-565326
-565177
-564971
-564761
-564771
-565553
-565308
-564617
-564354
-564539
-564501
-563831
-563732
-564323
-565165
-564593
-563851
-564167
-564087
-563266
-563672
-564427
-564861
-564662
-564232
-563960
-563789
-563608
-563342
-564782
-564295
-564071
-563784
-564462
-564096
-564602
-564364
-564137
-564486
-563842
-563913
-563861
-563983
-564332
-565058
-564514
-564093
-564864
-564908
-564888
-564954
-564389
-564122
-564646
-564710
-564378
-565071
-564725
-565090
-564855
-565239
-564380
-564380
-564461
-564818
-564112
-564275
-564551
-563968
-564933
-565520
-565778
-564673
-565141
-564066
-563758
-563533
-563505
-563130
-563522
-563787
-564121
-564217
-563755
-564590
-564224
-565021
-565662
-565740
-565287
-564830
-564550
-564121
-565452
-564877
-564750
-564794
-564525
-565104
-565114
-565764
-565110
-564714
-565609
-565028
-565476
-566191
-566890
-566776
-566742
-566348
-565569
-565890
-565998
-565707
-565674
-565195
-565714
-565312
-565874
-564718
-564651
-565288
-565057
-565192
-564565
-565137
-564390
-565432
-564826
-564694
-565179
-564772
-564835
-564753
-565216
-564990
-564989
-564344
-564554
-563884
-563843
-564264
-564249
-564429
-564370
-564478
-564822
-564518
-564181
-563979
-564240
-564892
-564893
-565577
-565463
-565558
-565035
-565102
-564947
-565140
-564933
-565128
-565015
-564737
-564700
-564982
-564919
-565094
-564521
-563932
-563711
-563721
-563807
-564757
-564825
-564198
-564755
-564238
-564125
-564386
-564626
-565059
-564394
-564404
-564256
-564646
-563951
-563820
-564387
-564006
-564055
-564053
-564377
-565504
-564743
-564878
-564713
-564368
-564462
-564359
-565240
-565204
-564251
-564341
-564469
-564542
-564717
-565125
-564791
-564424
-564620
-564055
-564291
-564352
-563806
-564814
-564888
-565085
-564905
-564453
-565205
-563888
-564324
-564497
-564433
-564456
-564200
-564505
-565213
-565198
-565578
-565123
-565786
-565255
-565082
-565137
-564490
-564463
-564154
-563213
-563546
-563851
-563549
-563898
-564083
-563787
-563663
-563439
-563063
-563037
-563193
-563080
-563381
-564150
-563545
-563696
-563550
-563235
-563210
-563209
-563218
-562945
-563077
-563011
-563744
-563922
-563940
-563778
-563994
-563535
-564003
-564156
-563944
-564377
-564113
-564124
-564578
-563611
-563017
-563724
-563874
-564030
-563535
-563245
-564224
-563332
-563313
-563230
-562664
-563092
-563088
-563271
-562580
-562471
-562886
-562459
-562393
-563123
-563789
-564063
-564249
-563881
-563230
-563652
-563604
-563293
-563081
-563612
-563165
-563713
-564271
-564424
-564376
-564507
-563762
-563575
-564075
-564096
-563340
-564021
-563578
-563693
-563752
-563850
-563293
-564381
-564413
-564263
-564464
-563983
-563866
-564762
-564346
-564173
-563422
-563623
-563860
-564041
-564007
-564170
-564081
-564187
-563331
-563290
-563706
-564280
-564507
-564195
-564007
-564506
-563777
-563875
-564197
-564260
-564362
-564659
-565409
-565536
-565715
-565182
-564533
-564595
-563766
-564429
-563891
-564747
-564650
-564619
-564057
-564676
-564677
-564521
-565138
-564887
-565584
-564867
-564857
-563885
-563729
-564488
-564417
-564391
-564987
-564195
-563838
-564182
-564349
-563846
-564875
-564491
-564061
-564245
-564507
-564421
-565452
-565530
-565649
-565065
-565394
-565209
-564552
-564894
-564801
-564917
-564535
-564553
-564438
-564144
-564466
-564679
-563931
-564064
-564355
-564036
-563931
-564386
-564268
-564486
-564264
-563830
-564294
-564360
-564880
-564347
-564799
-564415
-564504
-564538
-565312
-564833
-564696
-564830
-564952
-564243
-564588
-564548
-564435
-565305
-565184
-564825
-565242
-565111
-565064
-565207
-564770
-564329
-564778
-565077
-564659
-564856
-564879
-564942
-564711
-564450
-564484
-564863
-564771
-564975
-565271
-564983
-564369
-564305
-564394
-564667
-564103
-563891
-563535
-563991
-563631
-564384
-564108
-564401
-563726
-563936
-563879
-563803
-563938
-563905
-564739
-563977
-563957
-563420
-563680
-563907
-563864
-563379
-563822
-563910
-563818
-563680
-564364
-563868
-563704
-563773
-563434
-563995
-564094
-564205
-564055
-564711
-564048
-564155
-564654
-563731
-563725
-564238
-563821
-564473
-564323
-564095
-564577
-565209
-564405
-564972
-564281
-564192
-563837
-563807
-564203
-564386
-564504
-564608
-564925
-564498
-564491
-565129
-564770
-564589
-564742
-565456
-565088
-565333
-565160
-565330
-564436
-564499
-564808
-564616
-564311
-564514
-563802
-564237
-564475
-565032
-564290
-565078
-565216
-565407
-565806
-564959
-565545
-565285
-565879
-565805
-566757
-565209
-564991
-565517
-564193
-563764
-563958
-564138
-563412
-563744
-564174
-564462
-564650
-565040
-564628
-564518
-564507
-564201
-564482
-564404
-564233
-564101
-564253
-564620
-564256
-564399
-563957
-563717
-564063
-563752
-563718
-563621
-564042
-563387
-563428
-563987
-564344
-564397
-564057
-564000
-564022
-563003
-563303
-563246
-563292
-563271
-563056
-563249
-563833
-564210
-564541
-564746
-564857
-564730
-565180
-564466
-564365
-564352
-564650
-564748
-564623
-564959
-564084
-564263
-564678
-564368
-564783
-564226
-564734
-564385
-564615
-564613
-564461
-564959
-564542
-564336
-565027
-565146
-565611
-564698
-564472
-564734
-564609
-564442
-563642
-563237
-563388
-563709
-564035
-564193
-564530
-564223
-564371
-564218
-564125
-563976
-564036
-564382
-565182
-564762
-564167
-564013
-563928
-564590
-564605
-564168
-564421
-565342
-565239
-565290
-565258
-564235
-563855
-564617
-564401
-565343
-564471
-564450
-564631
-564433
-564547
-563781
-564553
-565514
-565059
-564873
-564741
-565100
-564820
-565056
-564822
-564939
-565011
-565131
-564604
-564973
-565155
-565337
-565502
-565244
-565239
-565523
-565068
-565291
-565542
-566039
-565622
-565539
-566891
-566927
-566336
-566718
-566769
-566227
-566660
-565722
-565976
-565179
-564779
-564553
-565881
-565451
-564379
-564366
-564384
-564169
-564030
-564409
-564850
-564277
-564388
-564167
-564240
-564197
-563975
-563550
-564034
-564201
-564669
-564923
-564755
-564489
-563947
-563732
-564260
-563924
-563215
-563290
-563074
-563079
-563527
-563291
-562880
-562658
-563049
-563479
-563158
-564173
-564321
-564103
-563677
-563702
-564391
-564086
-564902
-564819
-565106
-565049
-564768
-564724
-565506
-564343
-564807
-564498
-565127
-565472
-565517
-565678
-565649
-564843
-564616
-565002
-564430
-564663
-565139
-565638
-565876
-565618
-566289
-565179
-565177
-564977
-565162
-563908
-563837
-563885
-564541
-563952
-564333
-564807
-564562
-564744
-565394
-564961
-564764
-564218
-564080
-563730
-564339
-564820
-564899
-564742
-564217
-564989
-564664
-564634
-564155
-564695
-564692
-565220
-564642
-564622
-563898
-564251
-563960
-564164
-564447
-563424
-563878
-563757
-564230
-564647
-564761
-564844
-565146
-564810
-564053
-563353
-563746
-564193
-564298
-563889
-564218
-563859
-563958
-564462
-564575
-563569
-562923
-563459
-563519
-563349
-563920
-563780
-563955
-564294
-564160
-564074
-563595
-563720
-563637
-563511
-563748
-564164
-564531
-565236
-565378
-565090
-565589
-565272
-565458
-566061
-565184
-566124
-565669
-565312
-565163
-565066
-565285
-564387
-564525
-564270
-564310
-564864
-564787
-564352
-564754
-564608
-564618
-564407
-563646
-563667
-564179
-564738
-564975
-564661
-564057
-563940
-563428
-563526
-563887
-564195
-563769
-564076
-563831
-563982
-563815
-563505
-563963
-563708
-564073
-564905
-564209
-563133
-563875
-563707
-563621
-564499
-564222
-564877
-564688
-564144
-564586
-565118
-564774
-564167
-563654
-564223
-564838
-565008
-564800
-564547
-564873
-564350
-564171
-564628
-564163
-564218
-563792
-563527
-563540
-563944
-563918
-563223
-563690
-564157
-563833
-563717
-564295
-564144
-564431
-564539
-565412
-564745
-565058
-564414
-564066
-564468
-563540
-563813
-563497
-564016
-563976
-563775
-564207
-564367
-564612
-564531
-564724
-564871
-564712
-564030
-564377
-563711
-564130
-563985
-563973
-563809
-563810
-564318
-564207
-564716
-563965
-564033
-563709
-563731
-563780
-564483
-564601
-564190
-563702
-563840
-563854
-563943
-563727
-563315
-563809
-563806
-564228
-565044
-564145
-564547
-564487
-564467
-564845
-565922
-564912
-565224
-564871
-564771
-564823
-565182
-565270
-564881
-564796
-565170
-565402
-565405
-565358
-564733
-564678
-565046
-565898
-565043
-565371
-565423
-565215
-564795
-565519
-565028
-564550
-564768
-564383
-564334
-565247
-564876
-565075
-565114
-564559
-564082
-565396
-564346
-564650
-565451
-564280
-564869
-564921
-564272
-564982
-565042
-564946
-564716
-564811
-564640
-564779
-565599
-565334
-564160
-564174
-565143
-564869
-564926
-564975
-564895
-565383
-565284
-564910
-564938
-565041
-565415
-565564
-565550
-565221
-565568
-565440
-565059
-565164
-564311
-564195
-564607
-564542
-565286
-564360
-564910
-564011
-565269
-564906
-564928
-565122
-564650
-564376
-564533
-564237
-564088
-563829
-564052
-564007
-564478
-564241
-564318
-565204
-564669
-564109
-564790
-565021
-564403
-564662
-563712
-563840
-564627
-564088
-564477
-564743
-564307
-564063
-563769
-563725
-564294
-564592
-564416
-564658
-564983
-564355
-563849
-563772
-564107
-564061
-564114
-564593
-564927
-564706
-565499
-565175
-564824
-564880
-564630
-564988
-564956
-565035
-564753
-564728
-564852
-564186
-564958
-564403
-563989
-564414
-564485
-564479
-564263
-564205
-563818
-564264
-563874
-564183
-564576
-564867
-564623
-564363
-565478
-564906
-563738
-563116
-563498
-563943
-564142
-563885
-563581
-563503
-563791
-563870
-564172
-564679
-564204
-564278
-564536
-564287
-564776
-565144
-564219
-564817
-564235
-564469
-564317
-563545
-563560
-564463
-563543
-563671
-563673
-564199
-564779
-564249
-563985
-563477
-564150
-563698
-563521
-562840
-562988
-562806
-563215
-564367
-563742
-563418
-563507
-563412
-563572
-564354
-563568
-563908
-563369
-563317
-563548
-563550
-563879
-563473
-563641
-563382
-563031
-563278
-563139
-563233
-563230
-563524
-562973
-562648
-563044
-562613
-563389
-563633
-563199
-563019
-563844
-563955
-564190
-564017
-563357
-563069
-563324
-563474
-563203
-562787
-562769
-562924
-563460
-563195
-563133
-562928
-562822
-562689
-563742
-564252
-564348
-564756
-564519
-564883
-563675
-563678
-563449
-563694
-563308
-563521
-563574
-563070
-563813
-563743
-563216
-562951
-563108
-563085
-563165
-563413
-563493
-563891
-564177
-564680
-563667
-563763
-563585
-563577
-563589
-564434
-563944
-563263
-563586
-563880
-563455
-563850
-564114
-564246
-564110
-564273
-564049
-563989
-563867
-563722
-564418
-564407
-564283
-564422
-563437
-563575
-564834
-565168
-565192
-565007
-565112
-564480
-564418
-564574
-564638
-563741
-563192
-563121
-563198
-563436
-563825
-563988
-563667
-564049
-563602
-563760
-563921
-563968
-564496
-564202
-564120
-564022
-564105
-564015
-564622
-564649
-565250
-565406
-564687
-565073
-564689
-564855
-564907
-564746
-564613
-564601
-564765
-564444
-564619
-563908
-564093
-564098
-563835
-563459
-563327
-563504
-563490
-563965
-563581
-563602
-563430
-563975
-564507
-564335
-564296
-564836
-564500
-564456
-564705
-564566
-565288
-564123
-563777
-564505
-565142
-564673
-564797
-564826
-564821
-564837
-565225
-564731
-565378
-565495
-565239
-564226
-564555
-564074
-564541
-565695
-564925
-564378
-565401
-565437
-565050
-564485
-564242
-564316
-564214
-564421
-564863
-564886
-564362
-565020
-564141
-564540
-564974
-565609
-564942
-564552
-565074
-564830
-564296
-564486
-564342
-565235
-564791
-564263
-564641
-564228
-564297
-564218
-563823
-563684
-564073
-564071
-564748
-564727
-565498
-565408
-564862
-564289
-563967
-563857
-563743
-564426
-563626
-564319
-563926
-563801
-564256
-563510
-563142
-563376
-563996
-563943
-563679
-563644
-563881
-564556
-564135
-564368
-564281
-564049
-563738
-563452
-563365
-563651
-563967
-564395
-563676
-563701
-563811
-564795
-564062
-563694
-563953
-563861
-563992
-564303
-564320
-564021
-564300
-564608
-564858
-564434
-564055
-563526
-563662
-563656
-563554
-563528
-563327
-563854
-563628
-563944
-564684
-564507
-563745
-563372
-563682
-563567
-563540
-563672
-563942
-563907
-563749
-563541
-563689
-563067
-564469
-564925
-564511
-564628
-564974
-564219
-564813
-564828
-564612
-564353
-564536
-564183
-564312
-564323
-564477
-564201
-563925
-563949
-564517
-564297
-564660
-564621
-564905
-565454
-566159
-565842
-565992
-566484
-566036
-566328
-565966
-565417
-565101
-565184
-565332
-565066
-565327
-565144
-565679
-565471
-565224
-565693
-565151
-565471
-565085
-565188
-565286
-565622
-565102
-565057
-564822
-565515
-565264
-565015
-565106
-564700
-564201
-564302
-564786
-564456
-565373
-564884
-564772
-564836
-564674
-564804
-566085
-565545
-565888
-564970
-564493
-564543
-564216
-564508
-564411
-563808
-563864
-563791
-564019
-563784
-563966
-564187
-564315
-564471
-564383
-564258
-564073
-563753
-564161
-563789
-563176
-563672
-564108
-564161
-563491
-564278
-564361
-564592
-564603
-564548
-564266
-563803
-563746
-564496
-564759
-565060
-564759
-565013
-564507
-564699
-564662
-564432
-564860
-563859
-563800
-564897
-565278
-564407
-564009
-564416
-565283
-565043
-564588
-565498
-564567
-564367
-564144
-564173
-564794
-564102
-563870
-564636
-564446
-564347
-564231
-564454
-564465
-564520
