287
454 944
372 1940
538 1342 1363 1692 1727
1753
311 1140
178 1255
176 1206
1 859 1090
1204 1242 1347 1477
449 821 1264
259 1018
852 1718
364 940 1124
1836
513
584 601
1575 1599
679 1931
399 1035 1213
326 372 785 1676 1836
1090
1712 1920
1216
518 561 1803
68 1420
62 886 2019
914 1677
1598 1629
1190 1810
641 1438
240 350 467 906
517 1757
636 1938
75 1677
708 1563
1254 1869
1812 2029
218 711
1260 2016
377 1913
296 2003
996 1599
505 1332
818 1229 1515 1847
1495 1705
505 741 991
15 1494 1971
573
896 1261 1329
